00003	260	201801	P	04	04	1010	4500	0	1	0	0	0	M	0
00003	260	201801	P	05	05	1010	4500	0	1	0	0	0	M	0
00003	260	201801	P	08	08	1010	4500	0	1	0	0	0	M	0
00003	260	201801	P	09	09	1010	4500	0	1	0	0	0	M	0
00003	260	201801	P	10	10	1010	4500	0	1	0	0	0	M	0
00003	800	201801	P	10	10	1010	4500	0	1	0	0	0	M	0
00003	365	201801	P	11	11	1010	4500	0	1	0	0	0	M	0
00003	562	201801	P	11	11	1010	4500	0	1	0	0	0	M	0
00003	620	201801	P	11	11	1010	4500	0	1	0	0	0	M	0
00003	312	201801	P	11	11	1010	4500	0	1	0	0	0	M	0
00003	800	201801	P	11	11	1010	4500	0	1	0	0	0	M	0
00003	312	201801	P	12	12	1010	4500	0	1	0	0	0	M	0
00003	365	201801	P	12	12	1010	4500	0	1	0	0	0	M	0
00003	562	201801	P	12	12	1010	4500	0	1	0	0	0	M	0
00003	620	201801	P	12	12	1010	4500	0	1	0	0	0	M	0
00003	800	201801	P	12	12	1010	4500	0	1	0	0	0	M	0
00003	800	201801	P	15	15	1010	4500	0	1	0	0	0	M	0
00003	388	201801	P	15	15	1010	4500	0	1	0	0	0	M	0
00003	260	201801	P	15	15	1010	4500	0	1	0	0	0	M	0
00003	562	201801	P	15	15	1010	4500	0	1	0	0	0	M	0
00003	620	201801	P	15	15	1010	4500	0	1	0	0	0	M	0
00003	778	201801	P	15	15	1010	4500	0	1	0	0	0	M	0
00003	262	201801	P	15	15	1010	4500	0	1	0	0	0	M	0
00003	800	201801	P	16	16	1010	4500	0	1	0	0	0	M	0
00003	260	201801	P	16	16	1010	4500	0	1	0	0	0	M	0
00003	562	201801	P	16	16	1010	4500	0	1	0	0	0	M	0
00003	620	201801	P	16	16	1010	4500	0	1	0	0	0	M	0
00003	778	201801	P	16	16	1010	4500	0	1	0	0	0	M	0
00003	262	201801	P	16	16	1010	4500	0	1	0	0	0	M	0
00003	388	201801	P	17	17	1010	4500	0	1	0	0	0	M	0
00003	260	201801	P	17	17	1010	4500	0	1	0	0	0	M	0
00003	223	201801	P	17	17	1010	4500	0	1	0	0	0	M	0
00003	262	201801	P	17	17	1010	4500	0	1	0	0	0	M	0
00003	562	201801	P	17	17	1010	4500	0	1	0	0	0	M	0
00003	620	201801	P	17	17	1010	4500	0	1	0	0	0	M	0
00003	778	201801	P	17	17	1010	4500	0	1	0	0	0	M	0
00003	260	201801	P	18	18	1010	4500	0	1	0	0	0	M	0
00003	223	201801	P	18	18	1010	4500	0	1	0	0	0	M	0
00003	562	201801	P	18	18	1010	4500	0	1	0	0	0	M	0
00003	620	201801	P	18	18	1010	4500	0	1	0	0	0	M	0
00003	778	201801	P	18	18	1010	4500	0	1	0	0	0	M	0
00003	262	201801	P	18	18	1010	4500	0	1	0	0	0	M	0
00003	262	201801	P	19	19	1010	4500	0	1	0	0	0	M	0
00003	562	201801	P	19	19	1010	4500	0	1	0	0	0	M	0
00003	620	201801	P	19	19	1010	4500	0	1	0	0	0	M	0
00003	778	201801	P	19	19	1010	4500	0	1	0	0	0	M	0
00003	223	201801	P	19	19	1010	4500	0	1	0	0	0	M	0
00003	260	201801	P	19	19	1010	4500	0	1	0	0	0	M	0
00003	800	201801	P	22	22	1010	4500	0	1	0	0	0	M	0
00003	262	201801	P	22	22	1010	4500	0	1	0	0	0	M	0
00003	562	201801	P	22	22	1010	4500	0	1	0	0	0	M	0
00003	620	201801	P	22	22	1010	4500	0	1	0	0	0	M	0
00003	778	201801	P	22	22	1010	4500	0	1	0	0	0	M	0
00003	260	201801	P	22	22	1010	4500	0	1	0	0	0	M	0
00003	260	201801	P	23	23	1010	4500	0	1	0	0	0	M	0
00003	800	201801	P	23	23	1010	4500	0	1	0	0	0	M	0
00003	562	201801	P	23	23	1010	4500	0	1	0	0	0	M	0
00003	620	201801	P	23	23	1010	4500	0	1	0	0	0	M	0
00003	778	201801	P	23	23	1010	4500	0	1	0	0	0	M	0
00003	262	201801	P	23	23	1010	4500	0	1	0	0	0	M	0
00003	262	201801	P	24	24	1010	4500	0	1	0	0	0	M	0
00003	800	201801	P	24	24	1010	4500	0	1	0	0	0	M	0
00003	562	201801	P	24	24	1010	4500	0	1	0	0	0	M	0
00003	620	201801	P	24	24	1010	4500	0	1	0	0	0	M	0
00003	778	201801	P	24	24	1010	4500	0	1	0	0	0	M	0
00003	260	201801	P	24	24	1010	4500	0	1	0	0	0	M	0
00003	260	201801	P	25	25	1010	4500	0	1	0	0	0	M	0
00003	262	201801	P	25	25	1010	4500	0	1	0	0	0	M	0
00003	800	201801	P	25	25	1010	4500	0	1	0	0	0	M	0
00003	562	201801	P	25	25	1010	4500	0	1	0	0	0	M	0
00003	620	201801	P	25	25	1010	4500	0	1	0	0	0	M	0
00003	778	201801	P	25	25	1010	4500	0	1	0	0	0	M	0
00003	260	201801	P	26	26	1010	4500	0	1	0	0	0	M	0
00003	800	201801	P	26	26	1010	4500	0	1	0	0	0	M	0
00003	262	201801	P	26	26	1010	4500	0	1	0	0	0	M	0
00003	562	201801	P	26	26	1010	4500	0	1	0	0	0	M	0
00003	620	201801	P	26	26	1010	4500	0	1	0	0	0	M	0
00003	778	201801	P	26	26	1010	4500	0	1	0	0	0	M	0
00003	778	201801	P	27	27	1010	4500	0	1	0	0	0	M	0
00003	260	201801	P	29	29	1010	4500	0	1	0	0	0	M	0
00003	800	201801	P	29	29	1010	4500	0	1	0	0	0	M	0
00003	562	201801	P	29	29	1010	4500	0	1	0	0	0	M	0
00003	620	201801	P	29	29	1010	4500	0	1	0	0	0	M	0
00003	778	201801	P	29	29	1010	4500	0	1	0	0	0	M	0
00003	262	201801	P	29	29	1010	4500	0	1	0	0	0	M	0
00003	800	201801	P	30	30	1010	4500	0	1	0	0	0	M	0
00003	262	201801	P	30	30	1010	4500	0	1	0	0	0	M	0
00003	562	201801	P	30	30	1010	4500	0	1	0	0	0	M	0
00003	620	201801	P	30	30	1010	4500	0	1	0	0	0	M	0
00003	778	201801	P	30	30	1010	4500	0	1	0	0	0	M	0
00003	260	201801	P	30	30	1010	4500	0	1	0	0	0	M	0
00003	646	201801	P	31	31	1010	4500	0	1	0	0	0	M	0
00003	38	201801	P	31	31	1010	4500	0	1	0	0	0	M	0
00003	262	201801	P	31	31	1010	4500	0	1	0	0	0	M	0
00003	800	201801	P	31	31	1010	4500	0	1	0	0	0	M	0
00003	562	201801	P	31	31	1010	4500	0	1	0	0	0	M	0
00003	620	201801	P	31	31	1010	4500	0	1	0	0	0	M	0
00003	778	201801	P	31	31	1010	4500	0	1	0	0	0	M	0
00003	260	201801	P	31	31	1010	4500	0	1	0	0	0	M	0
